111111111111111111111111111111111111111111111111
100000000000000000000000000000000000000000000001
100000000000000000000000000000000000000000000001
100000000000000000000000000000000000000000000001
100011111111110000000000000000000000000000000001
100000000000000000000000000000000000000000000001
100000000000000000000000000000000000000000000001
100000000000000000000000000000000000000000000001
100000000000000000000000000000000000000000000001
100000000000000111111111000000000000000000000001
100000000000000000000000000000000011111111100001
100000000000000000000000000000000000000000000001
100000000000000000000000000000000000000000000001
100000000000000000000000000000000000000000000001
100000000000000000000000000000000000000000000001
100000111111110000000000001111111111000000000001
100000000000000000000000000000000000000000000001
000000000000000000000000000000000000000000000000
000000000000000000000000000000000000000000000000
000000000000000000000000000000000000000000000000
000000000000000000000000000000000000000000000000
100000000000000000000000000000000000000000000001
100111111100000000000000000011111100000000000001
100000000000000000000000000000000000000000000001
100000000000000000000000000000000000000000000001
100000000000000000000000000000000000000000000001
111111111111100000000000000111111110000001111111
80 60 2 0 80
300 160 2 0 70
680 180 2 0 70
120 280 2 0 60
540 280 2 0 70