111111111111111111111111111111111111111111111111
100000000000000000000000000000000000000000000001
100000000000000000000000000000000000000000000001
100000000000000000000000000000000000000000000001
100000000000000000000000000000000000000000000001
100000000000000000000000000000000000000000000001
100000000000000000000000000000000000000000000001
100000000000000000000000000000000000000001000001
100000000000000000000000000000000000000001000001
100000000000000000000000000000000000000001000001
100000000000000000000000000000000011110001000001
100000000011111000000000000000000000000001000001
100000000000000000000000000000000000000001000001
100000000000000000000000000000000000000001000001
100000000000000000000000000000111110000001000001
100000000000000000000000000000000000000000000001
100000000000000000000000000000000000000000000001
000000000000000000000000000000000000000000000000
000000001111111111111111111111111111110000000000
000000000000000000000000000000000000000000000000
000000000000000000000000000000000000000000000000
100000000000000000000000000000111111110000000001
100000000000000000000000000000000000000000000001
100000000001111111111111111110000000000000000001
100000000000000000000000000000000000000000000001
100000000000000000000000000000000000000000000001
100011111111111111111111111111111111111111110001
100 100 5 0 100