111111111111111111111111111111111111111111111111
100000000000000000000000000000000000000000000001
100000000000000000000000000000000000000000000001
100000000000000000000000000000000000000000000001
100111110000000000000000000000000000000000000001
100000000000000000000000000000000000000000000001
100000000000000000000000000000000000000000000001
100000000000000000011111111111111111111111000001
100000000000000000000000000000000000000000000001
100000000000000000000000000000000000000000000001
100000000000000000000000000000000000000000000001
100000000000000000000000000000000000000000000001
100000000000000000000000000000000000000000000001
100000000000000000000000000000000000000000000001
100000000000000000000000000000000000000000000001
100111111111111100000000000000001111111111111001
100000000000000000000000000000000000000000000001
000000000000000000000000000000000000000000000000
000000000000000000000000000000000000000000000000
000000000000000000000000000000000000000000000000
000000000000000000000000000000000000000000000000
100011111111111111100000000000000000000000000001
100000000000000000000000000000000000000000000001
100000000000000000000000000000000000000000000001
100000000000000000000000000000000000000000000001
100000000000000000000000000000000000000000000001
100011111111111111111111111111111111111111110001
80 500 2 0 400
60 280 2 0 110
640 280 2 0 110
60 60 2 0 20