111111111111111111111111111111111111111111111111
100000000000000000000000000000000000000000000001
100000000000000000000000000000000000000000000001
100000000000000000000000000000000000000000000001
100000000000000000000000000000000000111100000001
100000000000000000001110000000000000000000000001
100000000000000000000000000000000000000000000001
100000000000000000000000000000000000000001000001
100000000000000000000000000000000000000001000001
100000000000000000000000000000000000000001000001
100000000000000000000000000000000011110001000001
100000000011111000000000000000000000000001000001
100000000000000000000000000000000000000001000001
100000000000000000000000000000000000000001000001
100000000000000000000000000000111110000001000001
100000000000000000000000000000000000000000000001
100000000000000000000000000000000000000000000001
000000000000000000000000000000000000000000000000
000000001111111111111111110000000000000000000000
000000000000000000000000000000000000000000000000
000000000000000000000000000000000000011100000000
100000000000000000000000000000000000000000000001
100000000000000000000000000000000000000000000001
100000000000000000000000000000011110000000000001
100000000000000000000000000000000000000000000001
100000000000000000000000000000000000000000000001
100011111111111111111111111111111111111111110001
500 600 2 0 50