111111111111111111111111111111111111111111111111
100000000000000000000001100000000000000000000001
100000000000000000000001100000000000000000000001
100000000000000000000001100000000000000000000001
100000000000000000000000000000000000000000000001
100000000000000000000000000000000000000000000001
100000000000000000000000000000000000000000000001
100000000000000000000000000000000000010000000001
100001111111111111100000000000000000010000000001
100000000000000000000001100000000000010000000001
100000000000000000000001100000000000010000000001
100000000000000000000001100000000000010000000001
100000000000000000000001100000000000010000000001
100000000000000000000001100000000000010000000001
100001111111111111100001100000000000010000000001
100000000000000000000001100000000000010000000001
100000000000000000000001100000000000010000000001
000000000000000000000001100000000000010000000000
000000000000000000000001100000000000010000000000
000000000000000000000001100000000000010000000000
000000000000000000000001100000000000010000000000
100000000000000000000001100000000000010000000001
100001111100000000000001100000000000010000000001
100000000000000000000000000000000000000000000001
100000000000000000000000000000000000000000000001
100000000000000000000000000000000000000000000001
100011111111111111111111111111111111111111110001
100 130 2 0 100
100 250 2 0 100
80 490 2 0 375
830 490 -2 0 375