111111111111111111111111111111111111111111111111
100000000000000000000000000000000000000000000001
100000000000000000000000000000000000000000000001
100000000000000000000000000000000000000000000001
100000000000000000000000000000000000000000000001
100000000000000000000000000000000000000000000001
100000000000000000000000000000000000000000000001
100000000000000000000000000000000000000001000001
100000000000000000000000000000000000000001000001
100000000000000000000000000000000000000001000001
100000000011111000000000000000000011110001000001
100000000000000000000000000000000000000001000001
100000000000000000000000000000000000000001000001
100000000000000000000000000000000000000001000001
100000000011111100000000000000111110000001000001
100000000000000000000000000000000000000000000001
100000000000000000000000000000000000000000000001
000000000000000000000000000000000000000000000000
000000001111111111100000000111111111110000000000
000000000000000000000000000000000000000000000000
000000000000000000000000000000000000000000000000
100000000000000000000000000000000000000000000001
100000000111111111110000111111111110000000000001
100000000000000000000000000000000000000000000001
100000000000000000000000000000000000000000000001
100000000000000000000000000000000000000000000001
100011111111111111111111111111111111111111110001
180 330 2 0 80
540 330 2 0 90
180 170 2 0 30